
16699
21040
20829
21590
13522
13523
19733
21334
19914
22027
21450
18980
22026
19915
20855
20811
21601
22390
19916
21602
22173
22054
19564
22129
21320
16700
22130
21411
20853
21824
21930
21932
18962
18587
19973
20373
19734
21350
12337
12338
12339
21246
18981
21472
19735
17252
17253
21199
19917
21200
22149
19736
18982
13524
18983
18963
13525
20649
12342
12341
19737
12340
22381
13526
13527
19918
18895
18896
13529
13528
19919
12343
12344
12345
20650
20651
14807
12230
19998
12976
19999
14608
22524
14616
13917
21249
21439
16651
21250
19285
20100
20101
17778
20428
12231
21655
21656
17432
17433
14808
21239
16249
20095
13358
16250
12232
14609
18562
14615
13952
20929
21400
19815
13953
21402
9073
12233
14607
14614
12234
18851
12235
21957
14610
14613
12236
18563
12797
21406
21407
14809
12238
14611
14612
12239
12498
14810
19400
12240
14213
14214
20310
